2048
4.836839591982711,-6.770176563394141
1.851841418279708,5.822109073064858
-8.914118779358295,3.6664437919872306
8.773717820117891,3.371313800155754
3.4848852877711956,5.096170359692378
-7.38228491724954,3.4267054819752385
-9.379078925249651,-8.3732800345898
9.217461777368054,-3.2875945446490062
5.365440613813458,-2.598459210154922
9.232458225722912,-8.072222462860296
6.719743566678339,-4.191765434648103
3.9465485211191353,1.9137758931510263
-7.3011495187683195,3.7733557000909848
5.797381974205509,9.51711376918417
7.285329813550305,7.667497861502763
-2.339036532670078,9.718551107184268
-4.578309654705839,-1.0806785036919475
0.5440501453935873,-4.0899289188071375
6.409237154419188,-8.171800448953729
-1.0533677457449606,7.1613690715757095
-9.713288389166364,7.644044039165344
-8.198220482243332,2.122959976078299
5.65047230175583,-7.121755418816047
4.818648864475437,2.118855903811978
-8.087388760500263,-5.059994371359124
7.037077187432082,-6.862895229910966
4.015407139687044,7.060379453979561
6.915423434532713,8.613180238122375
6.621167156667084,2.3574719140891176
3.3978337779317123,-4.254707414708112
1.7541207544283832,-7.9200679821334985
9.982513895667012,-4.233452206090531
-7.986018998139146,2.009793889280921
8.514923000053287,-8.591517747552707
-9.44174164058516,-9.512661342170095
4.822730328537709,1.7218126043455015
-9.06100208146806,0.8740863353783457
-3.725084417102904,-6.555782391528404
8.778865510264655,7.921608452701445
1.4763174494002982,-3.7399383807185593
7.064423534233178,-6.949206048433352
-1.7102195921747807,0.7210114041927884
-9.970025677532286,2.0801563291632785
0.6717717377103618,1.7008993853430034
-3.207836127413679,-2.3680760883414598
-1.311334123684297,3.8172611431396053
7.989727544045614,-6.577947248550555
-7.213202006744468,3.1452998563219303
-7.352027637658618,3.5873710999668873
-8.397987318005779,0.030871056431877264
0.13763756891941625,3.894213622827305
-5.870730621210494,-2.5836301088478653
5.267489158779739,-5.864937729507282
2.655233416001913,-0.04086637862030429
2.593568472411336,0.4410308668972682
5.161581727086052,-0.034523744483321295
9.903622889448044,9.15615270839702
-3.8084168412740382,-5.32752652746324
-0.7300030390007919,0.7436097410660949
-6.847263889410922,2.4945237310650192
-6.216557653031591,2.5366387496177367
-7.6424445485337955,0.620055730242651
-3.3871032445520877,-6.208753957986812
-7.348708886249256,3.5787178338344283
5.237840441174235,6.822153891603392
9.797431196730393,1.996664628223538
3.1309566110010003,9.095164556788404
7.001033526222592,1.3090545081433813
-2.8125611091952596,-5.113553705536997
-6.938929708548942,-4.8199387252441195
-4.266667013558525,4.877037033643571
5.252566612252103,-1.174170494651264
-8.079882249954835,-1.5265779431049875
-1.3923155269747767,-4.018082656669044
-4.93088870692953,6.593075742937465
9.656306934808264,-5.223149246652805
-1.6948913545645539,5.7135641753002275
4.849397744408144,-7.160042068239449
-2.9146972651096226,-0.332058826923479
7.223833364327909,-7.606862113850492
-1.1288995299379412,-7.643255206821391
-1.7351948275099929,8.453890228855514
1.956179018400741,2.1864071782450942
-8.025294020202924,-7.771234860453298
2.5863739651164153,8.918352387904257
-0.3657645006021415,-2.1454474859533468
-5.128827333938304,-3.8331195180199895
4.39549014436726,0.22188173547739964
7.362795542483536,-7.829029492025792
7.265370723247472,-4.655848089489685
6.861943912102291,7.9649141478834515
8.508252877484864,-6.522475024510337
7.208839880411546,4.108272031047878
4.037930574669964,-3.3891759219443607
8.672010734463306,1.4459001906917734
-5.999799832203143,9.74921594251289
-9.006113868075488,9.988600297876125
1.7927561347981715,3.7713883919645
4.415076640945589,6.997828156383328
4.636866378669486,2.692532693208566
7.499034716525614,-4.816560844767519
7.841072045047397,0.5503650579078201
1.8495685951658913,-0.26887651524773126
-5.051979011133536,1.711003848066115
-5.495968133013025,-1.7768162922830655
-0.5799157070660357,-9.63889438304097
5.757427414788321,-9.485017758376578
-0.9713126681274566,7.544606815489196
2.1070564538631675,5.20165017869286
-2.0271738141114337,3.8563015402982703
6.4893178511860015,0.4352793092070062
4.062231379486629,-0.8688967135270609
-6.466187786810775,-3.834782910091219
4.352081485774395,-9.103683304833122
1.6769815675704827,8.170008516371588
1.3173745335496534,-5.262964437905446
-7.776355165608191,-1.252983934910862
4.350070151444001,4.923196395717806
-5.729442969072984,5.242459932503678
1.6094883279510839,-3.836212407453088
-8.325925604952475,-4.983719272605409
-3.5970608286108074,2.1452283584095753
4.230834774292962,9.913908526203773
-7.648641967951875,-0.18303510352986407
4.3488299591432025,4.190416867098898
4.734525504399247,-2.047302490918117
7.288779507153841,-6.352771090874509
-7.492264160168762,6.363596846661732
8.60650596251321,2.1765947696694976
-2.0722421783941725,7.407577921590864
-0.05133049709077042,9.89904302772269
1.6063063219361737,4.905537203187183
-2.4180023835023245,0.22137297993342386
-6.464072932257525,-1.0087649220801342
-6.2166604236064815,2.7859974234524962
0.6134303888354165,-9.418174713766714
6.254137465660257,-2.2657254826988904
-8.873173723885524,0.15370246820014088
-0.5791267942566414,8.805526559230024
0.7925410342292807,-2.5383179594295457
9.481214275255951,-7.1326636775321095
7.424077629365662,3.004168591869071
3.3078996547750616,4.511948094221969
-6.5032511332544685,1.3757588186244885
-7.41083683344919,0.26932510447949554
1.4964322335103617,9.422610879932172
-6.1992388337253335,-3.264690646889692
3.839586168068374,-1.893145254026404
8.9244569861565,-4.371253526161145
-5.269286579787225,-3.466008348323042
4.657908444490197,6.99614094935167
-3.521205893320838,3.997606132329082
6.535590304888213,5.702033682070526
4.706437437223276,6.911554791080675
5.188041453148706,6.969586733605055
-3.3845395719457283,-4.8365949154205
6.330178264917077,-2.4417914215191727
-7.874631351421679,-0.9030608461777554
-3.637198518668323,-6.452030510381599
7.637452526185548,5.20946294678302
-8.9252483899691,7.490579885585458
-3.311075911572443,9.159232974968901
1.1292851119392378,8.918985278413992
-9.808594271916915,-4.9450248909779315
-1.9041712572160652,-7.022854313893134
-3.166584038839706,-5.443984051478594
9.445873208876492,-5.106730818171519
-2.9063497555633777,-9.413072339854498
-6.371783473551398,-7.304840772593306
6.761763677126421,-3.999926015159203
-7.93091469590868,-0.5765156005277063
1.1519262348642236,-1.9411235475453772
-3.8381269290854148,-2.4014998930494658
-8.849191100603973,-6.504875990739003
7.2540692253145025,0.8753125748677615
-7.971906631315937,-3.2558689690183895
-4.648765094695224,3.0338871312263027
4.4440661668340375,5.477522715512029
8.567561124960577,6.124260055046115
4.473028707066543,-4.2525476320310185
-2.066268553133974,4.234138024346086
-1.2943947451331983,6.513156146625395
-7.9622674561629925,-5.172339618588175
5.356563587702944,-9.424532404223749
-5.865662088305532,0.21943567224792737
2.800696146213678,1.3429022076885353
5.034964435321822,0.9200407788783274
-3.9191641672381694,-3.579173544845231
-0.6192719823662607,1.3341931764340877
6.454256998886034,-8.762988584060963
-7.683776662234525,5.227508105361064
3.8193316292718738,-9.90410313964845
6.665987947188903,-8.220853853258108
5.750977301816619,8.332215380388497
9.390231816561801,-3.13831725573972
9.068745041335898,-9.192450206370445
1.3527982769448919,9.367310894518766
-5.422707020356516,4.137733303410492
5.5915322679990975,2.0790543242042325
-4.999704944566985,6.029571646620969
4.3966147666600754,6.033566567119145
4.769186953835316,-0.3279191638106571
4.584740229921245,1.5593750459388431
7.958092318436506,-7.027425126305489
-5.092955282420961,-1.5896429922787512
3.7640665544440566,-4.47326022878729
3.6962992413423343,-0.12955990407293427
0.13364097800700492,1.2507902636073212
-0.9042463468466,-7.201113234133096
2.243571845604478,-1.570214532290155
-1.6932846760509648,-9.870108526321285
0.7499839781104534,-8.723406368888003
-2.103517177935994,9.746535686667535
2.5009926325701226,8.702180887854873
9.182223183869212,-8.015960027236426
-8.731435166879894,5.436937912495999
-6.367444807281006,-1.2285574500770036
-5.931588280597824,-9.260863445713973
-8.9463889046946,5.192623037237571
2.4404552782485567,-8.416963413515566
3.0495137451792953,7.962717938612258
-7.4905733966799515,7.8248539837420985
-4.387935164446004,8.389876694082776
-3.886348658679948,1.2050641095563854
-7.495193513472418,5.640901937783047
0.5462787870166288,-5.310148334788822
4.252359316017561,-3.6131381712936017
3.1556252199259838,-8.630177446813466
-6.251948562844514,-2.9638043046664997
-2.821489375147981,-4.054056676899482
-3.967139304669889,8.248109846829585
6.152966592953646,4.70565856171207
8.760638296388041,-2.737471023592888
-0.32945306179065525,2.1981658091634024
-9.312143897339746,-2.563236870619847
3.761784461739408,-3.809566767469428
-8.928535269107032,-4.509299034340839
6.30500518697086,8.607741174473013
-9.37129830227709,-4.1154503452851765
-9.79487575447802,-0.5543949629205223
8.204128398559817,-2.7390113932708093
1.4528915971977874,3.0309222265134004
-6.631384861163321,-2.959127818533327
8.856903947782687,9.724462756080364
5.370067284479813,-3.9882658283155603
-3.4434932594088297,-2.5843060018936415
7.724367204963087,-5.602556015730884
1.3309659657874953,6.702864360916202
2.0250789293803084,0.8972098482544855
7.27070601265914,-6.372452238803916
-8.611592153248399,2.5639515538989563
5.189018606314022,9.852445707099061
-6.629376231896145,-6.267885987000805
0.5334125969301127,-5.850361776761885
-0.38735347472509396,1.9955558018427944
3.743200929275833,1.6586370334087839
-0.3398383060597041,-2.351105537118099
6.207388335389563,2.1481680937741956
1.4222592627256159,6.568632570097325
-9.178706785466728,3.2882369751773677
-6.636418946294316,1.2021718207605048
-6.673667143646083,-4.384575461950289
-1.2308663785839293,9.357151401964163
9.975191922059714,9.994519834652525
-9.022994416773589,-9.1760218795643
-1.1320274685565934,5.244474907108376
5.60134755560906,1.740065583693431
7.093374625736438,4.172821369274619
3.2387320470857706,-1.1366205920544914
-2.861039070722362,6.199116871127892
7.878195434727008,9.084855949061495
-9.408055839125705,-4.915021686827106
-3.5134145254227267,-4.799461107735925
-9.775888944487336,7.004443688917942
0.7640300171391079,8.794186650084477
-0.6273059411754964,-1.4070018761736858
-2.867537488187404,1.6218991890315948
-9.61768733459464,5.322899549503553
0.7511371315346516,-4.845633972271184
3.7276992638740047,-8.457335161719843
-6.5181643415552415,-6.790880333100864
-3.702337944531262,-7.311499465969433
0.10321604707099397,-0.29747486661055866
2.975189398756637,8.712732961479634
5.98162883102181,-2.2787420158212868
-8.141101323941768,-6.098934899117556
0.3214046065821474,6.521429890868138
9.765788064834084,-0.8909697802630276
-1.2913390227583363,-7.775343162291906
1.5040886079002327,2.3331010666533345
5.854144990746697,0.9320013189671563
-0.7837381562031975,8.225418907301318
-8.316390841593027,1.2818106099714832
3.284793357922368,7.909639317271594
3.377866015632467,-0.530720456965712
-1.2613869455021653,4.129990453636578
1.3180237300248656,5.86670726839527
-1.407404202893261,-7.314147205017765
8.07480787581989,-4.722417413364948
3.55722449580551,5.227626702649637
-5.670520164810018,-3.487991181184289
-4.1895894538379785,4.056003447540215
6.404066477906468,-9.584197441605902
4.482665895169738,0.4121208834175949
4.778954873487326,5.604441106613859
-9.173201724596861,-3.35772639925195
7.851969731979423,4.624119017016364
-3.456470340869444,-4.535064305193179
9.869834480713905,-4.778383646279054
-2.4543977451439547,6.137577713246927
1.49534157673739,1.0161313800687566
-3.4315638110283775,-3.5083516000958026
2.6792294488724266,4.271946392576748
6.565336558582942,4.2548683041614765
9.787429001475378,-1.1197394571886576
4.278825826309539,-8.583304866456265
4.994251132110117,-0.5655494758091795
1.4678150288468714,7.931606366720189
-8.755802226997616,2.8740999865307373
6.458960923747277,0.31920094919737707
-6.791002725494182,0.49708638813243056
-4.865354182633488,-2.1662163587871675
0.9112358803442344,8.593587559610928
5.534912155626328,-2.998893837193628
-7.317917667709777,-1.9133286186716205
9.035722816942066,-5.5376994613112585
4.547986486430542,0.6007435292446281
-0.44827238838309746,2.017439923002895
8.426799315430728,7.516011397455404
6.416880492945168,5.015092822761268
8.632677215165128,9.76821066436888
8.605041071048607,9.33443456710819
2.1582886762930187,-2.042581368709113
4.612987564207543,3.8355552336295915
7.282634291142699,3.7286625272663123
4.878588195070028,-6.692748412536389
-1.7294533951373836,6.934108274546432
-8.972440590036367,-5.40707412362512
-4.353781199398963,6.948209386297627
9.326755989389724,-0.4480276532861538
-7.335325751309294,1.8025275799676024
-6.9158157445194535,7.132797236990754
-0.2604042714170909,0.6983041033931912
-7.771928468501117,-3.0136688928534117
-2.5514151902111504,-6.78044596443125
-7.430948756600326,-5.73405073580501
-9.384467338664425,5.394279931432244
-5.036821216360834,1.4417253177943046
-3.320690791939538,-2.490862658863322
-7.223574755992028,-9.98178929116676
2.3262495194028396,5.551170130426231
-0.9200746080337829,-4.69574531492694
1.8753799892397147,-6.523143619679823
0.9663519670834209,-2.779340545493514
6.083544498534785,0.7481270421586608
0.3034039603437222,9.755290253466558
6.690083689589489,-8.938967248364108
8.744495165107438,1.8040835725780457
-8.196892726567162,-2.053760134501106
6.996027953577833,-2.5536943745112017
1.6829565860726312,9.202646955593778
-2.9334114938508105,9.358418162734793
8.877655165903306,-1.4957080879523375
-6.149322392449115,5.746791900286677
2.590816120459465,-3.0883741185206226
-2.5338909338902704,0.06796116761400128
-8.625637207638462,-6.143816475053381
1.715792273719332,-8.613170826073585
-4.21667247216547,1.6135697184648237
2.814644408747231,-4.785796880389395
-0.8406211795500607,-2.0219184608625085
3.409294457309148,8.429827417319785
-9.876722204800284,-1.394130140150466
-6.270007997824125,-5.31850949594443
7.046107546834595,5.070003765889751
-7.664135395576053,1.2818717664731025
2.3533902669134896,-1.836756202649564
0.8031649193085357,-3.179025368345396
-2.3803650950482647,-2.778453878400109
-3.8500774900777524,-2.207626662465385
-8.134386836743111,-5.923827804050332
-3.3410570216090507,-5.038839210430468
3.128287848962689,-7.008964552618893
-9.794665653705707,-2.5731473216679035
-0.7691050720507562,7.568840963985039
-1.4170487251832498,8.664966412382753
2.97540569559224,7.895940649920007
6.324631165293017,3.9231003544384713
5.077537256591494,1.5809977232319916
1.9624866361345248,5.033189468611553
-7.341454497806712,1.7556953873936187
-9.74397766031274,-4.937080976506394
1.1408771544458354,4.784548408980367
2.5795243346309213,-3.7868238728115733
2.3018662810507617,-0.13268630582008356
-7.055614695803141,1.2637467799461444
0.6910530955902203,5.998506104818709
1.6887924024319432,2.830015863456733
-8.22499255341604,-0.2037845977810946
8.183790738854988,-2.0981147913228515
4.841531177865356,4.446033814991427
-8.997252344571422,-4.740865694566931
1.2367291646334735,2.7264606704569125
7.389944459085626,-8.895776163990057
6.206691976866967,9.843021943857899
6.726933219613443,6.237688487689081
1.4094596891693492,-4.641970242588003
-1.2701538619892752,6.647679430130747
7.376232615282522,-3.339034736743023
5.185213396302949,-1.5874481176124977
-8.289892617609155,7.623173734253562
-1.5962323080410723,3.7526572156683393
3.127088438759582,3.4891999250770454
-4.957175793987716,-9.988676859807741
8.314500018571916,-6.298754771195236
6.536274953877545,3.022037562500458
5.814292134137089,1.7239124894923918
-5.053553538503857,-0.32347093666976967
8.867610221471725,-2.000905890409994
2.4773488113722877,2.377479145487275
-6.593430982312576,-7.26213089747231
-1.300088601877789,2.0986055865401667
-4.049037205313826,-7.883231778896298
5.844106790627649,6.005950072194224
-7.797953933753168,-7.915864928444396
-6.209082997736779,3.136127268483971
-3.7120842662320586,-3.8306162332911997
8.442697451893636,0.05213764474286009
1.162813373076661,9.310462770909101
7.155286535046699,1.7947046127437858
4.35457414616236,9.491387388213447
-4.058967361774997,5.207964523705094
-8.103682916426337,1.0171746383727722
-0.03109617247387675,8.832490618787322
2.4259931737946907,-2.8112248797300676
5.48724796225715,3.1209396719282125
-1.857777598967365,-6.078698749024696
5.674035408976955,-5.015705751958124
2.7778692110074523,3.2841042286745328
6.061046790416199,3.4554371948411156
5.317345653485299,0.6203874285774482
-7.6217739009496155,-6.643474331239374
3.388867386346263,7.6114148658610645
8.928187419513044,-3.319966516414361
4.037884153297533,-5.6030724830940715
0.3287130935007987,-8.665487795583516
8.573895813090317,-8.651510141509839
2.442430664420616,6.044390764108407
5.862857673799752,6.472764049233909
-7.2297938646857896,9.040893922173755
-6.888603606018449,-6.791935402961506
9.293014453713738,8.91147897942901
-0.609495571217229,-1.956563836372517
4.380904141007026,-8.054521488854265
-7.2654711317874465,-0.28375608562223675
6.855500486391655,6.6304709701683215
5.4882024243728935,9.562584692727995
1.610239393480457,1.608795539204472
-1.2194818707440813,-8.579359907711211
-9.935199221408638,3.414123618460785
-6.699828588857608,1.1839383665416428
-1.0417619356366004,-6.676783370802659
-4.13044364505188,-6.061386124829853
0.8914464257990886,-7.929199475958062
-9.869056673402635,6.853313318179019
-3.3170616658636565,-7.6441517538229675
3.42347627230199,-6.3358641579494535
1.3116050341058472,1.5121582688861714
-6.533674448208191,0.5985802485227119
-0.4806510117668914,-3.8862816431158453
2.9148381373518006,-8.876461645434857
6.13907144502226,-8.274176177884582
5.331705878973626,4.631148188000793
3.540659537448363,-8.645493305107967
1.8245219368861587,-8.443704779371469
3.637842605002021,-1.3476844847959857
-0.2786748670909489,2.47327511295115
-7.916172802037971,3.3004798902700916
3.690336540494359,3.1838492326615064
9.111636995740344,6.006846146172631
6.379976171264733,6.864040051656033
-3.525301474770499,-9.432635301283522
-9.924710463305662,1.6354348617453098
-5.074092601794873,6.943077069253874
6.2714144171411625,9.469855756069911
-1.1670465384544926,-0.7977268421179851
9.63541671448641,-6.019544545806563
-7.520843323613748,-2.116477309819582
8.846308953709126,9.991014793694934
4.9147606619425055,-7.000833195370113
-9.160175728350843,5.560734635617127
-1.7827772705757603,-1.6877737184013029
-4.774899811540525,-1.5624233651404218
6.223025252173301,9.917107892705829
-3.2670740695208833,4.689404315688442
-2.893017374034601,-6.592613545156034
4.263987671301898,-1.6853993484432284
-0.41298751343890494,8.36231583291756
3.249768492805627,-9.815364689980397
-0.09813083943440937,-8.444031035918758
-7.621572588641903,5.770435695428059
6.867779644920663,-7.268453197225706
1.5169669212584935,0.32537788101392096
5.231071199920123,9.455273870194546
5.236728584031942,6.9045061451678045
2.2244456636194254,-2.992387617826169
-3.792452622032445,-8.962943274633371
4.607934036713651,-8.368669634055843
2.930086024166947,-6.017940590327795
8.766562875714147,-9.069109774731912
6.105421044134349,8.649384604045277
4.075714490019472,8.120677026930196
-4.506665347010754,-8.434997337376853
6.694482538829199,-9.352633812986193
5.252250040568782,-0.7726458123237769
4.511072768962823,-5.370441354820521
-4.210263637923175,-2.5679912912691316
-9.970121034999334,7.786058219233869
-5.125575178209543,8.830580373388685
5.194632984817789,1.6526317817899958
6.426620816281968,9.391960369464961
0.9499657159253605,-9.06599056279607
8.022346079589688,-9.274361024373018
5.47366229699421,3.4310583350848702
-0.008862623636440858,6.798687934844242
8.94405774988578,0.09277310223746582
1.0043004645222844,4.470019701228406
-6.899165325845131,-2.4482033039295548
-6.252255760838352,0.05275137676997943
5.836146267954913,5.540421791544215
-1.0063494561046369,-0.12027737438748076
-0.8269903727619976,5.209264191860639
8.988197600538335,-5.308390152581044
0.2615768770639626,4.934347515681633
-1.078081590437332,2.3509488669194276
-1.374646500323422,-9.784477469561272
-5.452918447203956,3.464909235726047
-3.5387572123471234,0.4729150228922574
3.8086805195560594,6.643873761735392
-6.036945700098837,-7.949440429209389
-3.2895927848803774,2.653807541376425
-6.329010465036533,-1.8384669169534327
-2.737943798210405,1.9669478832214935
-6.406373950652697,-3.283250389652883
-5.610121679688973,2.877061611311591
-8.687902180198094,6.662672070802216
6.854727042332801,4.761412823740034
-8.908957651582835,-3.1487281915836096
-0.9497092937003373,-4.880302794680147
3.2309861130903386,-7.350335374677095
9.662834293176516,-2.5725516967815443
-7.703248931284441,-7.266700147238607
-7.205337379848724,-0.2667815381537153
1.9754215793666408,8.824009910038633
6.262306497627577,-3.955165180841518
-0.9252016370233882,3.073169246346792
-3.134794108897161,-2.1853669151273847
-8.781761463133266,-2.288070871152388
7.683390751805344,7.396595036294261
-3.033465919303051,0.8622398728160441
6.375295124367199,-3.598402920071564
-1.4110499958132738,1.1410846372553607
2.6445179085403314,8.882405519615283
-2.15834601997809,-4.210088316873497
9.83035079110882,-5.423873964098083
-5.13610770062173,-9.218394915614688
4.541521613890227,8.51024514650529
-1.150525678208755,-7.220172456103713
8.378470799867475,1.2391825025455727
5.312383473656492,-7.815835981837744
-1.6560262169809725,8.766289445552573
3.981196746411225,-4.612592950337198
4.3445424263425245,-6.982896280282818
-3.9905176888777083,-1.1440124843038113
3.8636546292125615,-6.845441082013077
-0.221660634465648,2.482134511643409
3.434214380044324,-1.0673327018360048
-7.277016249620232,2.416405614006564
5.587746048140495,-6.6264632894559305
-5.549502504209798,0.36423698825643314
8.434321533725324,-0.4016006051212795
0.9256018519335374,0.9470133574414987
-8.736537397554205,-9.410823672525606
9.300597841272868,1.6999834530688052
4.481995772528528,9.99481468492695
-9.704224579819982,7.0983313163279576
-7.702369777510616,-0.9749761806492963
6.025710309707545,2.9677637078383547
-8.014296968163546,-1.0488306485351195
-5.431233803576436,7.2323598003594896
-5.9894704844849755,1.370861643325556
-2.7812390501882422,-2.0849635660625188
2.278375737024497,5.2360203024704575
-5.059377229612472,5.36066451477387
7.826874762161779,-6.383830408065427
-0.9847155740496341,9.708740442043243
5.084842592977058,-1.9170904356831553
2.074679129121675,-4.310957418727028
-6.455695886862762,3.6655257941683352
-2.094175029395724,8.159912629052744
-4.302255145446332,7.727894573649941
-6.709286112872115,-0.22284143256245414
2.3078877561059876,0.4643123726514311
7.5450280101014044,-6.003247896106254
9.08455499970357,-1.4587958341884644
8.374339657535224,0.4690543116963397
-0.3738518065964769,2.4596103091865285
-9.146596228639044,6.785430375859399
-0.19556825716224324,-6.54142776128686
-8.509980948311249,-3.8396774043351822
7.896488426023758,4.253756507008223
-1.3033928020524055,8.349856225319328
1.8863292805108944,-6.325839994411577
8.630621963915743,-7.4147510300325115
5.436656158462281,5.452772286818849
3.923350455728931,-0.00828303907668726
3.8561446924418608,-9.774341672925996
-7.322675675143793,0.191093516962205
-0.6045667968914223,-1.9242023402606243
2.5958473041554875,7.157545224711438
-8.88471397481608,-9.138852116596325
-6.13563346969626,7.200075689261183
-1.3048538772874743,9.784348706784801
5.678638952809463,4.429257307513099
-7.6452433082363,8.276084719714213
3.3991693709732687,-6.563256177874801
-0.03659777193226965,-2.7429189833033885
9.463503012977487,-0.6087449179165318
-8.151121227844147,-2.182127046735367
8.89114394247077,-7.185954248360313
-6.562435311912607,-6.3371069593172535
4.479012763479764,-9.323960574873071
-7.432630155339566,3.8287480398285787
-1.4508294669235475,7.217218136421479
-3.1636054362029498,-0.10814254114751876
-7.15981545252895,-3.5541689517443897
-0.1396378020025466,-4.000653003221273
0.8156466425785869,-0.03472689956470987
9.2175966230656,-8.763574323342223
8.880310684552533,9.092060381403687
7.1760320539320865,9.553112311099959
2.535639124537612,-7.969292521476508
-9.949171716435448,-5.4217226525940365
3.710993805962177,2.5646829025244386
-3.632099347460782,-3.3309224502974333
-0.9225947823980007,1.735958276705528
2.4021432613593507,-3.701181409750509
4.928539172308124,-5.837670145138452
-6.704522963236537,-5.008839473081506
-6.675530188656569,2.7784888910227856
-9.998527021665279,6.787466037740508
3.6137273831425887,0.45854223399516414
-8.250769279239524,8.329908670377716
-7.718379384302829,6.800414006527525
2.4744852669179593,-1.9485380883301886
-4.5397092412654905,9.343923477993592
-2.200505290993968,-2.253229932102858
-5.895965779759633,2.607650297929087
-6.232871932974002,-7.327057501245369
-1.0061957804870794,9.196982126684006
6.852011846217749,9.088248846849464
6.841239067575451,-1.729060862994718
-4.001240337742891,4.47867762507148
-9.148843645167059,-6.668774593621372
-7.264769619164011,-5.026501037084916
-6.66832285278443,1.2157819382803083
-1.625157153938268,-7.041746444750787
-5.86996626680655,-6.699693435061094
0.48510401923090285,-0.04005237966542197
-4.893708911654029,-9.42380337252966
6.043191046194039,4.893411580770945
-0.2839176469209903,0.9432888652554219
-5.813139505925182,-2.0670169375267733
8.694317177339002,8.540266980385368
-2.8159958432602705,6.421862681436409
0.81110994444475,-6.760105658920259
-7.0446249428118835,5.9815165495204035
5.6376138808729515,-2.2974305976804033
-4.774229187087604,-2.129923638474045
9.547141726538921,2.6935936727864416
0.23818269010574156,-7.401713606280644
5.650808316224666,-7.285930653109771
-9.918623928169046,-3.143001157932841
-6.035201218879829,2.7052083510459966
-5.100733500697583,0.3401759632145094
1.0650506412753824,-0.6168432132302737
-4.594226569924578,-1.7913833092797482
9.111846801702342,5.44788197533023
0.06835983239824373,0.717884052319393
5.867492989420576,-8.69144137777424
-4.0525104828381675,6.279168039960229
-4.364373909306294,7.611581320439612
2.0030716522746275,9.414116868097587
1.4890179297205464,3.34925561883011
6.921094216143505,-3.8459044473223303
5.257125575968509,-0.9409264243573023
2.1319509273421247,1.877336992090303
-9.465550291468418,9.018989066434667
-2.3541220205018742,4.4305117010219455
-0.7519375256028624,-6.965035400799149
-2.481295648532469,8.517851417153302
5.075637774662415,-0.10946711580386648
4.342436883105588,-5.786356841197682
-4.121676723159484,8.562558350440867
4.48750858993086,2.8607022751806213
-2.362783943297786,0.9577278489898369
2.8828195737439586,-5.277604114529035
3.750718222206606,5.5644123369477825
-0.17144426010957758,-3.033407805096826
-4.673478541480631,7.113141122424011
2.4820564668746936,-7.342855489376667
-9.095009425844399,3.1363691138980787
-8.261198355381216,-2.0180510299394383
-7.564234625600301,-4.86578973180773
-8.300873377291115,-1.124715189621801
0.023914141216444307,9.956439904716568
2.7202166381501556,9.5140151924867
-3.2483790487814135,7.498233949681278
7.97621646378915,-4.475668792492806
1.06031576128772,-8.676900000231527
9.851079558571566,-6.7828706893196555
-9.564819188117774,-3.759234921259673
-2.519001131223737,-1.8518893583953435
7.062213176339519,-8.857200497740433
5.278683960635044,4.4116019609175705
4.35955327632521,2.705611047618376
-2.8654124812027737,-5.349401522238377
2.8434834319525404,-5.693743326334122
2.911696645923808,3.4393492619523656
-8.384978491225494,-9.395929614588447
-1.8951849507849197,-5.441534194609661
-0.4069372752210363,2.850513327362748
8.928359486445679,6.269204448433392
4.69400012861994,-0.4448750944277702
-3.3861428466011745,4.3060372228084365
-6.585437886022336,1.421246803830023
-4.695263077328131,-2.572517248636843
-4.528177238149569,0.4360881605117086
0.7642873080744028,1.342479843421378
-8.61939627172696,4.4887436953385915
4.261536376857077,9.398308911763074
6.8609905527702075,-1.3546854599474258
8.395905205152726,5.204145211945601
5.692361918377223,7.382887959715209
-7.570849196364646,-0.9765750571132603
5.026557808383561,5.244696989903721
-8.31997281910903,1.7211020653463205
-0.5333176728686659,2.3360558508381857
4.750785287341536,-7.805157196284709
4.807380491042963,7.25239130620831
-8.959596732384142,4.658679553605571
-4.163843573334645,2.7093248693296665
0.8887657796307025,4.333926132495197
2.8899896394274194,0.050891255811858827
-6.760962622064444,-6.442386498082895
-0.7276344237837229,-1.0462845180699354
9.868806817852818,-3.2003840394860283
-5.6087398021339885,5.513281668155887
4.780822090424653,-5.587205912500894
7.112864689462093,8.385586939915129
-2.828570867401914,9.963902491919782
-5.502887163211514,4.527528283511483
2.5882611333657337,5.6204070440326035
-7.409828274894368,4.259113752123929
-8.70182397057964,-4.364513809852104
7.294827240124796,-6.607519635161041
3.85129294589567,-4.904725358479016
-0.11206396206921099,-1.3560790193678827
6.989358281899555,-2.231573158566884
-4.044373245621284,-2.682769733612065
6.988947456043672,5.787604561418513
-9.186531246931402,-9.845253213184488
-0.19796384863850136,-7.518497842055498
6.955643572158827,7.775591893909404
3.686641012001104,-8.955868235166351
5.557862854891331,-3.6764146324915403
-0.5009264885503306,1.849927537175704
-3.5041818459104945,-4.085504118021452
1.566261331463732,7.718290512836276
-5.665109911082999,3.341484490269014
-1.5141163703443752,-7.884274424419857
-7.085111555076478,6.053299458719444
-2.940426341364284,0.7001576450430402
3.099627408566956,4.788145306178947
8.716610245126994,-4.45736100664623
-0.829512772936635,9.694332529402907
-9.309045522298419,-2.5585270092982038
3.420728537908527,-0.605866408353597
-9.012100284360951,4.033305483404938
6.929273620631125,6.228169407489844
8.599107881012031,2.9522781053053
-3.670246003783628,1.8948386507573467
-7.966594221370351,2.652014150281129
8.807367736799701,-7.966361752250917
1.2654450779676196,3.9493624459487986
-4.359161362845776,-7.580065854260081
0.979150890859831,-1.8431299291622203
-6.9574212625861875,0.47650405323277134
-8.750122861199884,-5.385919307270894
-5.5776374907645865,-6.127071820827941
8.70254414180907,-5.521753789468402
2.8767183897863546,-7.987114524425527
7.95432105655939,7.991154130111372
-5.441401886915731,2.444221812065507
-6.056916740765312,8.624449477350652
-8.537191643421483,9.59670007541208
9.909187908298527,-3.887323726222145
-7.506969920349467,-5.317246439064305
7.458624366012177,0.8265999226214671
-1.296583348391156,1.6879715779176472
0.888465542555279,5.277875451761327
6.030964964242557,-1.50648640748393
-7.896113848107746,-9.699446359909851
7.073684881922841,4.042110843206066
1.9247312965432695,2.5134211619560087
3.5761208007727987,3.8042515459669843
-6.625484450933352,5.703805406746909
4.687453217574902,7.873605915084404
4.753670895408897,2.3576266590111885
-1.118535668530388,-8.672791248418132
7.884228007599759,-0.41490763670212516
-5.6492561549563325,-5.780463383083965
2.3209680155641887,9.466831235106486
-7.25965677388114,-8.579345263444637
5.0753002977492745,4.323243389859925
-4.140199851723261,7.245521587987412
-2.946435542644399,-3.6955354614251235
-6.1973947120667905,0.8692704571206455
2.788659333433685,-1.0499748228774877
2.0222340916946013,-9.19057185480165
4.2047813726100145,1.6637211314794342
3.2154408264594956,-4.564905781202229
-2.797131237644166,6.234309475191509
4.729110142285492,-3.2509984994779106
0.18873387717691514,-2.8993587655731368
-4.713434289127738,-2.47529859421161
-0.2847463303000808,-9.25749578042263
3.0736745812717245,-3.7200744301367594
-0.7270766911305557,5.087156699266719
-1.6106685408850563,4.131397545770966
9.87728651891469,-5.2215384038484824
6.607521832201311,8.108180104437224
9.791474386634967,-4.8481347116302365
-4.2963017323290265,9.489915182029517
-5.072510146047269,-4.08144161406522
-1.9134527855199543,4.502160677169421
5.069175986700065,1.664418375490282
5.992310330529783,8.619313225965776
-2.805310857218579,9.219352188065223
2.7167616298852195,-9.450922550595138
-1.8742565011135213,5.850191488821421
1.6825728651687566,0.7878309653933968
4.234893386145995,6.04724644873864
4.304905920929798,-1.210183910737804
3.3935250008563855,5.5866639056268355
-1.8881617605288916,3.578222396809876
-1.8631196126622172,-0.20534839203556388
-1.5614025923225405,-8.710864928692663
-4.196325718175098,-9.120212670924621
-0.854649003489838,-0.9494003386597925
-8.43614282190841,-7.458771248964529
-0.23044857166533816,-1.9993909250015829
9.933475043982952,-1.6633781725458476
8.013153243288784,-8.521206074463015
-0.6818824848916005,7.424690789120284
-3.6124590187091465,1.555560227518873
-7.6528855973021415,-3.247660003036703
-3.935479272816309,1.9365662141818198
-1.0211239495392697,4.496561908238643
7.967533414348679,8.637793079839902
-9.91958627781428,2.9094014438689086
-1.340523479871031,-4.38810022590955
-9.207859463976567,8.829695170209426
2.7941145646661667,-1.2870734705968765
2.3713057776782556,3.3246819612263536
4.9998317143488755,9.33145010355048
8.444399954577687,-3.614198711995278
-2.6242984289487437,-3.7611879474598275
7.032515662022199,-3.362947263447289
2.660054846797255,6.240233684763389
-5.57648646289663,1.753201716651752
-4.0017509301916965,3.1046294929758353
9.527617772951537,7.783710941041182
-2.5029292241393097,7.323857882516581
-7.246306429402636,-0.6372414014999173
-3.0686681265185722,2.281647050602089
5.41511326899235,0.3562835535677742
9.044899858882633,4.754419029598228
-3.711779640942643,-2.902948217198311
-9.991940760849252,-1.7601873607077678
-9.274391633569422,2.0137146471928347
1.817710409242622,7.6360504001659955
5.112713657476631,-4.868193779986378
-0.20558449604628137,1.3239458801421797
7.342582039895497,-0.42313568188697914
-9.259034119899837,-8.577723106644921
-9.117894573656553,-3.0180155214563475
4.80625828138017,-4.38553045735059
-6.11623129343843,6.70635344894491
4.123467662316385,6.077150706265169
-0.3454162527409679,-8.037873295858802
6.155847381722886,-1.9032273838270797
-0.20066306672927858,-3.4089292107570968
8.292343301705145,-3.2966604381248477
-7.673130804824955,6.442291823145343
-8.058691778417707,4.90466293059837
2.8040402200171144,-2.453131908849109
3.4302271391274086,6.745133479494054
-0.9607446200960013,-5.444152046373145
-6.707627643606671,-3.7212703493440413
-9.933354736265375,-5.010742694573294
8.591691191265678,2.97015159605213
-7.145327355548505,-0.6579823201678625
-5.021800027104981,-9.230741332291261
-7.710771902340872,-2.4302241199758656
-3.050355870676298,-8.151911070691966
5.982576443705238,-0.08299813532948264
8.762462674696323,-5.045994735899186
-6.952263704039621,5.642502363776135
-9.863363873798479,-0.30137669902766007
0.10734222170427188,-7.679403023547087
-4.306214880298445,-5.098785801935306
-2.5158160577084088,1.5533006123941675
-4.191680839140197,-6.676750485350653
-4.810132434706116,8.887576750663484
9.170978183209712,3.529145213870052
-8.862633970472661,5.692222535293009
6.467672533791593,6.870081420408141
-7.217119762764264,6.820140329977491
7.704413007252011,-9.763015647688732
8.10993356316083,5.5398576123813505
-0.40159814235202873,0.539021411064958
2.359870274546889,9.253815815109014
-6.603569537420615,-9.68695588174793
6.0494520218580625,-3.7208200809431213
-4.93412621241859,9.175104887815188
-2.4937254601326098,9.514646282031187
-1.4169085161626107,0.5939253591090257
5.310097830276339,1.2238484776804306
-1.2987486302782258,3.1208052165473674
-1.995112458080758,6.959595179979608
8.100775946023543,9.5830889261454
8.601100258066424,2.724210599350716
-8.274547923956366,-5.0113873152899036
-3.8458646156594245,-1.8629144460893912
-3.400608081128347,1.6047572268009702
-8.771805412094764,6.121862218969724
7.363891316566644,-9.153432290296163
-5.922901999242072,6.562598407817589
7.732966543321584,-3.965819128745278
-1.6602539883296217,-9.233298818175477
7.253972046974781,-0.021477986931067505
6.3293049945249145,-0.15482139644364423
7.216006885812298,6.802625629900724
3.5754786097034863,-0.0960472161498025
4.568993551203345,-7.781454045468261
7.644416168670073,1.4307683507753222
2.142948614122284,0.5625184643860557
-7.66946162536132,1.3181367140286948
3.705758223020986,-5.615752642719176
6.321723707103498,3.5975197363524725
7.785755049699752,1.2142345620062844
-9.956650484162237,0.45135915510670976
-0.39628013691249464,-6.736414478888815
7.172882018489464,-9.303611159646747
-0.7027257565027867,-0.5921810672251517
-5.739367073349726,-9.080391011919161
2.323153045654859,3.606172999146642
-0.4405892982265325,1.0495352645621523
3.499056834409817,6.547680588231607
3.99669591477541,3.8991900512657818
-4.976954892719383,0.7291522944164228
7.2855369861842725,-7.427051395895807
-1.3831061040776405,7.773848349156928
-5.4161955426484765,-8.010691895203372
5.869968104424936,-9.765688234826229
-8.458865894936727,3.3422558249419367
-4.733684649264691,-5.535743579878267
0.4781798256506331,2.445333072967415
-9.187922453110229,4.666062615555223
2.477865584826393,2.071871286668161
-6.040135654391499,-4.667673056694706
-3.0048996593916444,-1.6664047893365783
9.565779015928648,-3.5903316483098946
-0.029854137768857925,2.648550388355776
-5.181438387784731,1.9217667365385047
-9.927246240723333,9.980427586082492
-8.29035454605104,-9.601837477935398
0.9113787691288788,-9.582419409965063
5.029455075835569,-7.803510608427833
0.3324941217873203,-1.6250909166383352
-3.185533981794304,6.61723707764947
9.863958660642346,-7.447979959920894
0.07769352930311335,-8.30768851954591
-8.557779856936843,-3.0489934283097986
1.0680275674244335,-5.110111292492907
2.3689142725892243,5.3871034349186075
6.986615469914984,-6.587972418600869
-0.9618115069326407,-7.068000072952638
-3.1164070229887475,1.0898041974089168
-4.176004965492135,-7.342149329666112
-2.3414071498433753,2.296163425848272
2.2654930568238782,-9.526466003029341
-8.584983203710305,6.504258893961527
-6.869773739642446,1.0584443242828456
3.686368879630063,9.325245635393216
-0.6987851718658344,7.548615956480475
-6.436556943579319,-3.0944519812334015
2.2048267400754806,4.152084325088371
-6.958817710369241,1.1962138934657318
5.9899054773803595,5.186448477211991
-4.303166149937789,1.135591943788178
3.5498467283923105,-4.083243460736701
9.494381742217893,5.571267394118223
6.324320647714167,6.395106931943076
0.2091711238180558,-0.3143689349862697
5.188987569810092,-4.322247365558249
6.64440007722164,-5.642737488102316
-5.297762191502611,1.7096990277301582
2.3240315831659366,-1.623600514036255
-2.9866994857797025,6.656984789996688
1.4042485579890052,-0.5767820726690829
3.8913427769587763,3.9969634308419124
-7.4759167254694425,-8.142725612828885
3.7733078440224954,2.6065953019226065
2.2519180141210793,3.2918900483498614
7.554685228567468,-9.748045516216145
9.199185106879185,3.5526964174570708
-6.969654384876831,-8.887555610535118
6.069897389864476,3.468758474239614
2.9587386742553257,-0.7680947518948535
6.428784249718866,6.954832831814851
7.273996534712136,1.7408067737690214
-1.6441547342797147,9.684843743929047
-9.070926822773519,2.405673552383899
6.692528804212117,-9.569081264299303
-5.637164309111102,-2.077800493222579
-0.45920412169730085,7.77568676345091
-4.078640736276831,-9.261968428442945
1.1058157371578368,-2.211341508633029
-5.573431806823783,-8.866748696005642
-8.709560718178949,-7.131837233230387
-7.23154750576922,3.3724078098489016
0.13411714097228966,-6.362368170865662
3.2429905708996785,0.22636453308178517
7.140843201015194,-3.1315913829040243
-3.130059443310107,0.6148253231101499
-8.970877325215604,9.89251092244939
8.91415190322418,-1.035111405472179
2.7566681432862072,-3.0496999482117593
-2.271707759984518,-3.2722395676027816
-7.414445776593741,9.181730378034011
-5.038902897094273,-1.9249068908517195
1.7316845061308062,2.8306343619965944
0.7982116038506284,-5.17954789726788
3.4151861235404155,8.584807432438822
-1.3360911846093657,6.805807493641453
-0.7912923871468323,-3.4785211702683982
0.3956619343884036,-1.6126705176247
5.789486388714389,7.439009152985591
-0.3198207559004196,3.0817484072948798
6.335846333701074,6.831351356539525
1.9384870363533189,-9.54222364274511
7.674641122362203,6.302960133856391
5.008324780673519,8.619310194531494
-6.147078370231203,-4.217312994680107
6.057010204706266,-9.41526725556551
-1.785920341351165,5.19356890008682
1.7755439554560581,-4.672586109663235
9.141186530503873,-5.208781212367359
7.145935498347185,6.802302837940051
-8.579845088616507,2.4262802439276
-0.5671279636653548,4.932968023956882
-7.296818790140875,6.589478283047189
-7.997303885535176,-8.297738707432023
9.387421782314203,1.7723544591380644
2.0165481198776583,9.345175620776871
6.265304892127279,-7.886773880050102
6.958191184781764,4.547981098713233
2.402805299480825,2.1561732314399062
-6.9650937631360055,-6.08364521397601
-2.9760266872520136,-1.702042539305415
-2.49262612255186,-0.613304703256464
4.689610745408217,-9.110720137371402
-1.65387360286228,6.616708416868271
-9.557543257229346,6.880690201957176
6.326101180874339,2.141073605123358
-3.186489087711024,-6.357314034573438
-6.884290869484899,6.9395953519080145
-5.119209981068691,-8.905574494159158
2.89546829775324,2.88585934058602
-8.421431277839083,2.2008851136166196
5.604993905028932,7.107221782900037
-2.614623462150769,-7.9630763443684405
-2.45498034408437,-0.5327079445150638
-8.030237166466572,-4.2175916944675995
6.122262111824568,-1.92234510005704
0.19896582405734975,-9.041205987279866
8.002391957023654,7.108978212385203
1.7354657802636417,9.393874143788196
4.199036871818503,-6.629968363281837
-1.273890490956461,0.8714759940835837
1.4705565214431218,2.3991664162203143
-4.921687953336096,-1.7662506571516658
-0.5079516711088274,-3.748623014228687
-8.303503309651731,-9.452821429440004
5.656307679765762,9.461050788720907
-5.37998858341131,4.589071097113022
6.135437229572624,-2.6208925560880436
-5.979517772070682,-2.7976747989663497
0.5230962713207852,-0.30262094156781494
-3.2472098694328544,-9.846811069758186
8.587398190864349,-6.285142682658438
-9.782320438419516,8.956804123552061
-2.1704375701685263,3.815929467917085
-9.326041805867913,-7.583826935980098
-9.293328310246416,-9.555977640278503
0.6281355836712201,2.016114099119978
-4.3076043898732275,-5.854995788235331
-9.67996156624189,-5.681940725775405
0.005263018051842039,6.802645865985205
-8.59433363300563,6.5741697193986965
0.7547179294177973,7.304817562733803
-3.0944773361014377,0.4671332270253039
1.9162476848402132,7.354317896560513
3.240327778026728,4.153418239239709
-3.978711562045114,9.441914123892047
3.6710576321563657,-3.7538694021462726
7.794628087443304,-3.7195248143739734
-5.48050963699394,9.578380934772426
9.638309294018118,-6.282800564540425
-1.1538112228966124,-4.709241623902609
2.233914005714732,8.829129732406361
8.9155459664873,-9.673061885434233
-8.082917065721272,0.16495154970574077
9.235764021134983,-3.311537052453888
-8.417071363555051,5.8517947008568925
-9.82997211766152,3.4649143905672464
5.765425621816348,8.249244034871573
3.9913540318320972,7.383155948484994
7.352306960429228,-9.406092822000659
6.676246181711974,-6.183910318708694
5.311891826642267,5.386078721310339
7.2327410085361485,-3.940597445955274
7.060185632085108,8.942684183724548
5.5398227294731015,9.01295233015557
9.383260084222705,-0.851867358429935
6.214051546916796,-9.770647300878949
0.6352229864612404,-9.288853726780415
-1.298871064185958,-4.750702576646906
4.759070745550066,-2.1117855971755217
-8.49016610063801,-1.697379680044854
-0.14207977703073027,3.3119162725446394
-1.7003641926191815,4.439342644523073
4.228621094990981,5.332920039222294
8.695326005072786,-2.8471543713253578
1.5376217552412044,0.8322964192349183
-9.11712280647202,4.308048550465994
-2.045966190909758,-6.868614934480206
-1.537759862440474,-0.117123211788277
5.828259262405581,-7.938718318392879
-2.950025870735744,-4.475131864204309
-6.8372141660152685,6.934601169407891
-5.306077364098041,7.8910635747755435
7.679746939216621,-6.898443398676846
4.532249356846375,-0.6841745745750529
-7.080803282619046,-4.101203611245259
2.137919393839578,-1.8019049369153883
7.294534409518366,-0.9431056821934014
-4.284688268584582,-8.041536959506876
-2.3490384247066087,4.376170051497272
-0.21616752378268345,-6.375450696730334
4.065440307182794,-1.4095068291625257
-4.053447535154033,3.8319505341520497
2.491314490584994,1.8389553512323928
-5.486566826324308,1.205177037117826
7.376906334035823,-5.472012563592603
-4.00181966349777,7.881554633545758
9.209751053983393,5.3803620886092585
7.6573226877309395,-7.068561418613601
-5.1514805244837625,1.7759353368067998
3.5432502088862705,-0.5300387073445343
-5.703655018396319,3.8657651067639023
-2.4906914917640988,1.8089512801890386
8.836164663623439,0.30210082085918444
-6.538417578707514,8.499472864261367
8.22126910638389,-8.919737380024024
0.4288195546877205,8.73670142405459
4.028365240980039,2.828085451323613
-8.773514791096101,4.030444593032637
6.00257020634082,-1.5689446996653622
-7.672137387150619,-0.8525383288473076
9.902959401113304,-1.1673991294754504
-1.6340865831129392,-7.384185566055832
-5.200823717331975,5.139106499596631
-4.726158848262769,-5.026850068694557
-3.6180360145873403,-1.3692542036548172
0.631157212605693,5.350231642084058
-9.113074222709955,-9.88726340413284
-9.691417687644437,1.9504428576186328
-3.142186269510443,-6.76298567462875
-1.353222094353006,-4.09103250315805
-4.324595572252736,0.42347847713282505
-0.9966559119484373,-1.2390720795459877
-3.708730434745071,-3.6444278759794813
-9.168200607212773,-3.432307712162803
0.9060854764680837,-9.530560265032904
2.2128982897696936,-6.097927963946361
0.29873072590910965,-2.0675698006641863
-7.718845652301218,-8.170983903420801
8.173013083227051,-6.884484430033964
5.329021802266421,-4.8547736639095795
5.856684236777552,-4.188471614308118
-5.515325472222048,2.7425625689273367
-5.9785375954074516,-2.523728974422461
-9.657473208344133,-3.9430387970755287
-0.12350204417860056,0.7461723150514601
7.260837050942655,1.574958601633348
1.3595419490037486,1.0713741899110438
-3.2543707112889964,6.924247029435016
3.750804900356094,6.741944432116927
-1.5357281215741647,5.0421465579813365
3.3650892202022966,1.1365200578020165
-4.07799228919818,0.4067721313988457
9.23647042972862,6.181379880312889
7.925599286626923,8.459354777402677
7.953153709554655,5.870623153894105
9.888249801853025,-1.2734012511304993
-2.0628904321677455,-6.5679081019542185
9.39179185186621,-3.191113860635517
-7.972438678702294,-6.374722117612688
2.1401957641777756,4.567789516018671
-9.77236431708555,-0.22297984369691903
-2.8710118587737554,5.998671418989057
-6.144108492893214,-9.491042247231324
1.745648388374331,-7.704702363113096
6.12343756021156,-4.0949866446296745
0.8015719618143802,-7.20838174011055
-7.10507553698025,2.456752166674857
4.910586535523404,-6.990281817652475
-0.8592126654923895,7.715537005677319
2.5274323586127387,7.467015259786859
0.9097124799897749,1.5361717030202726
8.628845493392845,-6.574445898657992
7.053467677393634,1.2718541247577964
2.5809056729332056,-5.46242619302022
6.441343128282341,-2.3375910269703404
2.797522868764304,-4.276701003451988
8.565448367440233,6.879513382913636
-5.175714654235706,6.332965780216817
2.8239116046501156,-9.64451309778211
4.942371273564863,-7.489290873178125
0.8246767412342102,9.116082171243704
-0.15079570731742464,-3.960686820275261
-5.932678222963941,1.776409844620277
-8.996418732228904,-3.0461792658102738
4.658870538468696,8.808749056445379
4.059402821767112,5.198005219781576
-5.07380707208382,-7.2558099602409865
-3.3486513057321243,5.187587290846221
-0.6590258065488896,-3.821363230854331
-8.629861193187903,4.349141922318287
0.24298125869614218,2.2074291875170626
8.443603492161746,-2.5656404532195065
-9.993249461299222,0.21148143130703012
2.199490627742877,-0.051602917623680966
-3.7982108695078987,-8.50605436187752
-2.85816656422047,6.200704501969781
-0.33100495726585244,-0.13255043187993643
8.540731962095972,1.8045444351598974
-3.4439561959449927,9.477511790013196
4.740456064530051,-1.2193879182750056
9.232149174697422,4.8639465168953535
-9.966294577530759,4.924232517163674
9.517638001418991,-4.635937849107106
6.661560661634979,-9.388224100897542
-4.1742039964261135,-0.38320516929672976
3.1837026825970494,4.7847868413703765
-0.7907157985593471,-2.903505084558371
-8.727290517123745,1.920949002515675
5.03844505516601,-1.1368213520523263
-5.747817155805799,-2.823062918606025
-0.8715228169568423,1.010085004541308
-0.17137501807994582,8.56866065848575
-1.2379292043650025,6.183516427887913
9.989423528921591,-3.817511570390253
-6.709699870937129,-2.558964198278524
-6.0733013977845784,6.131284099584853
-4.084664295800882,-5.516012734938558
-2.130082834054736,-4.408354457830592
2.6688988489112084,1.5261037769468455
-4.164211962300217,-3.7434439004657483
0.17740834803607086,8.141774684801941
9.135192489514449,-6.006818494681294
1.3051092171258105,-9.17136357941677
6.650123282243648,-8.512427451185133
7.59397022238932,6.511213244646932
2.0165942109454846,-2.5217909019702756
2.7619834413448032,-7.965026856305046
-9.504028335553052,-5.692879351669404
-1.1696989143134484,3.291337168377755
7.571491741652494,-5.349036782488987
6.755066796687462,0.5489352397355507
-7.124233029543805,3.345963807413419
6.814730849176417,-7.690453552875844
-4.267642360747614,2.759736599241709
-2.0186790423464718,-3.938886990533539
4.281065996086081,6.7608281103620484
-4.405127637015522,-4.258953469298161
-2.2957417415294445,-7.303098044563052
4.028495622126709,9.640160282644473
6.263247583784018,8.804389004679738
0.34975907535161355,6.810043754522141
-1.7851981346949621,3.33239168441764
9.843405066449826,7.038128404614518
-9.507623398837893,-1.599352706591839
-5.685207165059745,0.6849101847768004
-5.275651336025207,8.274724005344076
-9.386518065750282,-1.0159604356991423
9.885181992288622,8.59531015234598
-5.937234366646593,-2.925923027555868
-2.687302363570838,-0.2673230572700227
-8.93418046920861,-5.004552182192752
-8.570115879284344,1.6845848261318608
6.0051796660601475,8.185005139274914
9.969656556260624,3.2327019976440585
3.9335951976325045,-9.285455450076189
-2.3752473231030446,-6.90489111293477
-7.054814925514368,-1.7931860287182033
-0.7710125903466967,-3.434058967111646
-3.318086355807819,3.9446253012642316
-7.168085193560287,-2.943804749937149
-1.3814083695455892,7.231704063074197
4.920089519965236,-4.31592550846009
1.9186498714715015,-8.957578631057421
-1.0019128875189267,-3.165493808987798
-5.963531982454171,-2.5739984668817018
7.729319137528158,-4.470129593477514
0.5540994659101486,-3.85390986696184
-9.660704879440463,-3.2032259465344737
-0.6594827998363595,-3.529827859242527
4.169455917697684,-4.620166769030973
7.211653519894799,5.5238206853493
-7.776474904884574,2.594526662189015
-5.094507968404001,8.131222963290362
-2.1955523365001373,-2.445294696350495
1.7527724768428499,-6.232680424785153
-7.046099001793471,9.464191579965071
-2.8819420188427447,5.230442283512433
3.474107813737618,6.683279378951799
-0.7539880703722357,-8.106774945284831
7.418851581951266,6.1331569397631505
-9.54403566608088,2.9480056590446466
-3.7644368735172584,-7.937427759642848
-8.628111656027473,-9.096109034306256
-4.078024819934405,0.14754229164586263
-7.211220577648638,-8.96303862924074
-3.0108499628519425,9.179735057715362
-5.265319898859282,-3.0624606358961737
-2.910053695733734,5.021452780681779
6.340252349431623,-1.3935774272950887
9.714441733451814,4.694576179582413
-9.474742535455455,-1.772867519039556
4.4292989968615935,5.25791408092112
-9.38919327434347,-9.051944742373506
-2.4139449093601417,-4.443168297407398
-2.6854350485696177,9.69223921387771
-8.345386066783934,2.9579196860665657
-0.44527448174905615,8.347869563907388
-8.569089487665615,-1.252938883188861
1.5353232582300524,5.238875481538656
1.9354287098621636,-8.099927837300974
-5.867120716714247,-3.914573610602443
6.1387797230478185,-6.097046610268944
-6.692469904306959,-8.789690155205076
-4.428046494763769,2.843354545875023
0.3642827524252734,-3.101749512484595
-7.204996909791457,5.501425010478416
-3.2308371530177515,4.457362402196097
4.908515188234247,-1.58883877390684
2.743148819435696,7.6204806847876725
6.271090331990447,-5.290885021930571
0.11023062205845946,7.387488308129441
-7.2024516024668905,7.2690014998709955
6.2192511267061725,-8.827265179033859
-9.039478621671488,-1.0776998091600163
-4.49625705822414,-8.177815587166748
9.96290526621019,-4.655981725655947
-2.4918525702126715,-4.142747486205698
9.966574880748581,7.979404112133981
1.4963154247370802,-8.196330072564656
8.425157344400102,-9.950614221674968
-9.046312891424346,-9.639916764488841
4.0021282649034795,-8.36993172587401
-1.166030703683365,-1.9768921020593666
3.3916354688609918,2.6625570990290814
-1.6662013185550997,0.03207999424886587
-9.349670207487065,-8.755377887076614
-4.53640855376626,8.566068067402203
6.434461554841889,5.528507370961977
-6.95905634682171,0.5906462911242638
6.261865064855616,9.53202177220209
2.9973130912389845,8.465343996474406
-7.868205011748826,-1.5819761580754346
-7.462894383617367,-8.951046759966609
-1.1726662407806288,-5.080566344536956
7.377278181475159,5.016928823964406
3.1473006590101384,7.21183892032974
4.1233241307124935,-3.574509608430123
-7.926672546436642,6.5008234182770686
-6.302820635407618,8.358160565043725
-0.3426817190366407,-1.5006723437325586
1.9620027977325485,-9.22189013171526
-1.757061928084159,6.379358434711158
-1.6723788640863635,-2.351734171220463
-0.052016914338413045,4.869124056103097
-0.5939278202886733,-4.826243473960021
-1.4150962157324578,-4.115891862680572
2.303752667545602,9.323562693039506
8.33267727827343,-3.8084559823243946
-0.7331829868274333,-1.5717794658756379
-2.0615623777350223,0.4685529321478832
-2.6955958297415084,7.192588887739937
-0.6025987620068829,-3.247061414121939
-1.3856192461542616,-9.270960992314933
-0.33289617761189305,2.335582799342495
-2.2797233090061164,-2.792666392113805
-1.3809386169860982,-9.094145584889546
-6.173622239971062,1.3412455234298015
-1.9293630668699713,-7.247627042178899
-7.878541490445534,7.247975585411147
5.867019382221699,4.231206731126157
-4.604499236356334,6.348355773739954
-5.317174048935733,-0.713603618961919
5.871457280379161,-6.601536887112989
6.768225190970426,-2.94574229581384
9.137851571437928,8.668694884855697
3.4099607195936557,0.9720087059953375
-6.905855839879127,0.5978776434508948
7.459642859565761,0.9875685425215721
-7.6598580768108615,-1.5720409318400286
8.473719732877449,0.931546347460106
-4.252498678551784,-2.9345165350670888
-0.40433020869785175,6.373980147387186
4.315385768956856,-6.069027743828825
0.06756914433787564,-4.590660317901429
-0.3993820164133979,-4.37643152749406
8.684342198882327,-1.8010892481576768
7.93712383907198,-9.317808398682526
1.1296358552454233,0.5779449248795032
0.5682423007334272,-6.833704546482666
3.3398129660721754,-1.16722589994637
2.29844911298696,6.068651539216621
1.3088320237482485,2.061663221080048
3.027039483440589,5.612370399084936
-9.065600967276204,-9.643488681463769
-3.2748648022657445,4.032278764911098
-3.2694735003426345,-3.1242466850668382
3.499756631947193,-4.715755731364548
-4.608029983735467,-4.053645938335579
9.995044956662156,9.267203982005405
-2.4263220141317188,-5.261663481133119
-5.61705601380686,-4.682582116475387
7.10301801459584,3.845472848287992
-2.111623094071451,8.873954248950984
-8.139705428252446,5.132961769513994
-4.418929562200562,-6.534913393257327
6.681775373430639,9.095844522106844
-7.381233003503387,-5.560004317906522
-2.828058942523044,-4.381143872428304
-1.9953350868696837,-2.164539940551542
-5.413716824492671,-3.2287907366215096
-3.009272366939193,4.510957908840112
-0.9744783817616565,5.503171707164785
6.880641554899043,-6.408938991217155
-8.218409027370871,7.208607934214516
-5.63454552101506,-2.8912961931895076
-8.347943645374079,3.400476249640999
-3.3798402614704415,6.681536281949732
-3.019659560542549,4.4498103422675825
-0.5930622110107961,8.107094184449956
6.908487297137423,-9.4140682513296
-0.013164466944752817,-1.3176419911554547
-3.978093574374575,-8.812046615348489
-1.7646308837308133,3.1800217194550875
-6.971316163037389,9.551366455142123
-0.34951818660752565,-2.206119112963103
-5.020492416669531,2.767507955246886
-1.44376884385467,7.752727300303587
0.4684100506656854,2.9302721749574
2.3106437929862764,-5.866276585928265
-4.239578158248145,2.4012835379358233
-0.347874448412151,-6.649579164623192
3.017444781820352,-7.533843626770915
5.562809662967062,9.772081424243876
6.475106034318124,5.780586703851318
-7.495505406003611,7.4672371983827865
-2.36315174060886,9.33109770281574
-4.04795574019285,-7.371736263782349
2.346072829117439,-2.9793691645097153
2.967290298354218,5.362915602023563
6.971841767721152,7.473794560321515
5.921793525264025,6.483311672711022
-2.2985093155244884,0.3619863574095561
4.06708291744204,1.6717851667205519
-4.99469370533788,-9.711246049641469
6.85372698934404,9.263126881007043
-0.9312505482864033,7.315688315648927
2.214139809594041,-7.249022502825699
-2.343983919207293,-4.524700830765811
-0.11678153348447573,-2.3440634205478217
-1.555190555398319,-7.545234745659921
0.5332023310113687,-4.357713857458432
-6.755905929550323,-0.4040270632837295
1.0429527949467499,1.2501867708854952
9.053835220521318,-6.160069074353891
-3.0734660439552997,4.900778856607326
9.70828125583644,0.9971186698325809
-1.1702087028028494,0.30088926824531903
7.660884574873748,-1.4167707555139195
-9.738573910230276,-6.095156715436358
-1.888437563426649,-0.7127828616357021
-0.34516857876057827,7.571274439813035
6.003138766818235,-1.784685921949091
0.37526172970027716,-4.1327115287225835
-6.862346727188875,3.0296113631784785
9.794100591443641,8.325166637936384
4.761068483342491,9.315159073586834
-2.9555016204993123,-7.797599340335171
2.6683082019216506,5.80065778814253
0.3540688315894833,2.616798182835293
6.37484367055621,0.22633191618725235
-9.773270119648894,-4.261221821006296
4.437983528765885,-0.5507245214970968
0.9371245177983702,5.5314761518606215
1.893727306499624,6.29072399978098
-3.079539682963297,-9.515792469669089
0.5207129169162794,-6.818737376462849
-5.67026174526069,-1.1179516916361933
7.041104802042195,-7.1483322151228945
6.784612113056205,-4.636860066721109
-6.068464715459481,5.482078547855664
9.53450446344059,-2.901374280269975
-7.493342102385516,5.101285426306754
0.8880451138164105,9.540167724509942
0.616340979625214,-0.44053052282792216
3.0180571604623054,-5.142235630796277
-9.473121310442657,6.72705874135373
7.2172466016159476,-9.35754655079263
3.016796398894588,9.13520600561322
3.8995305002052696,-9.965920228775929
-0.2898227877487223,1.7983754788935116
4.747236939949225,-5.392506403635289
0.58554691276969,2.3037451492901173
-1.8215020983669827,-8.737903997559489
3.365382312804602,-4.735082220929447
-8.539991887007137,0.8816984917127471
9.045673966347813,8.379724240763089
-3.5724351230238005,-5.901420663680579
-0.6324227448112829,-1.9369891667438708
1.059176178026057,-0.17968533115474195
-6.9926954045474865,5.067216673788932
-0.11224442933101741,2.623537233235238
4.845795702582842,-7.4021614680926096
9.440196646231591,-5.943710373445583
-1.7780455720741308,3.4837610322703974
9.561890077327604,5.417190621654475
8.435638352970308,1.8965871807330181
-9.423814959863419,7.495808660470029
2.5432903093465384,8.052211157596506
-7.740627882013551,-0.8480651609787202
5.482258663859202,-2.450373257172185
-3.7669116944039294,-6.359956409561418
-9.246759089746481,4.710720953721896
-4.7687699298776165,-7.779919304056526
1.376338039123123,-8.055807700940893
-3.7833686974530245,-6.840146978629047
0.09095413809497543,7.6503472444774445
4.663441176346765,3.61526630484072
5.064346712875242,3.247843479588571
-8.932635227548374,-3.044360879563719
8.407266219057373,9.370960958579992
-3.594995594542736,9.04164048100391
8.371854914597748,1.5499367206549444
7.514554115417464,7.926483562014184
9.274435720966903,9.472555404995
3.862184062802605,-1.2432680395919462
-9.70185318797113,-8.528489073767012
7.6317991337310005,0.9934044649478615
-6.9274865398514995,-9.93819523129224
-5.063204033518551,0.4926989941795732
-5.172983902148731,-1.6557948226852393
-4.855631064952477,4.707644357489254
4.854980776054699,-3.0890182465524996
0.26722828754918737,-6.483600918465893
3.5567494438007152,-4.171114217243703
5.143644932251071,6.173782889057506
-4.971420976336023,-5.976398231934685
-7.9393236630964825,-1.8808218704011637
-7.2754843680589865,-3.0712489171928947
-4.994085671433592,1.449040818898503
-3.639946287551572,-8.322224598195191
-7.34024055080206,-4.209660137745503
-9.268204163712612,-9.481481713472878
-3.273557058996208,-2.135516485996183
-2.6447877433121025,-7.822989944777006
3.7410284722198774,2.8642760697320355
7.971928535501554,-1.6382436564566039
8.355155113228356,3.3962081874365992
-7.19195185365435,-4.384101645855365
-7.818191261518366,-6.532591275519999
-7.163474321850223,8.989183881707461
4.096172532925454,3.603219021281273
-1.9767538157480313,-8.032701215896765
0.24557702898269085,-7.76523654068761
7.531612682067788,-3.7355510161250605
-8.239673424029199,2.2922199133872567
3.74172230842197,-0.8953650150574646
-6.973336831063266,7.478674716484427
-7.312054202303946,-2.09514100607219
-9.575935153977317,3.3512837958197075
2.6724624099992766,-5.382370785160231
1.1063047758087805,4.414609846178337
-0.3591854195532562,-1.0944774877421004
2.0521710927301307,-3.7208822829687627
-4.7953884879915565,7.217434753824001
7.079372628562567,-8.329050831170317
0.9454812175810279,7.096601607018673
-0.9901047377297303,-0.6643534688901163
0.8906019273272712,-8.124030932902668
5.378088784028844,9.650852540084621
2.053933471126342,8.859521650387535
-9.338531694981036,-1.3569516707452642
-9.944213335120896,4.009501036206359
-1.8035002049559914,-3.5896157567192732
3.2148961348288765,-8.733923672277385
-8.189628309587622,-0.028956745772594772
-8.110230573583909,7.08518261071799
-1.5914933454652704,5.988167294715613
-7.265274210468848,0.6634935040558645
5.451219385436996,-3.463597094130253
-3.7482836161384814,-7.083664983627851
1.2506226234153353,1.0158046403175582
7.23100046451076,2.907242589615038
-2.959850216853548,3.723606649624598
-9.189208389286687,-6.935000077979292
-6.945729145386683,-4.08688267544334
-0.5617537777697912,-9.689456859401059
5.438796177205752,-7.764076215898035
1.4153596298682594,0.6319666822483239
-9.733775234183216,6.596561102583763
-6.132566273236901,0.3372614306988897
4.127307043794204,-6.3357852969960105
4.47483159126255,-0.14561129722117094
-3.4234573705561377,6.84093171730467
-4.50973623121512,-5.277019559037166
2.836331427530702,-8.864778160142501
5.339259990675274,-0.7007442104400319
8.685455018677231,1.3420235654540633
-2.682827849208236,2.193251975717189
-1.841362430182535,-5.253817001113661
-7.04334100357249,-6.276816804522949
-1.1809164285484606,1.3770585610237127
2.4317285835187796,1.8546371669823927
3.5393377573203324,5.918964506852799
2.926251314514845,-0.07147595892461389
9.321474255761576,-8.364148782222127
-3.0641070096113054,-1.636635777327907
8.421498189776404,1.522838984282373
2.171298029207751,-0.6001871428862415
-8.578257578054117,-8.569771486093005
8.90548085172756,9.662953567152734
-9.920800925771417,6.016537427158202
5.384942292288288,-8.377901300126812
6.4924673522317775,-9.825906265959375
-3.8831596533522683,-2.8990184945989528
7.257211443418129,-6.542607365898467
-7.78585315902113,0.030889660502229077
-7.666584981163287,-4.068762841392943
2.2452074742317087,4.513412843723668
-9.21537682110416,3.6317283175081236
2.661247988205915,-6.682222898540906
-5.273007579949636,0.21330329443440377
0.9960480070865252,-2.3675165312484037
-9.159677869317854,6.494717118216325
-2.5665847218354365,1.094013496735716
7.666866196668813,-2.3485479316142355
-9.661275257398984,-5.546970327949383
5.570037189285726,5.817747374817088
3.4540634949586426,-6.325420209318735
4.377215952239286,-4.119472341460764
7.974616525024093,6.975883456539794
-9.231965779706911,5.571828578444498
-2.1426616880837113,4.24034917723251
-6.331651633353248,9.852287039343661
8.909539003043172,-8.741194450915245
-3.812955684055881,3.8844847294034324
-8.022470965402189,7.45144713183673
9.968344786909732,7.154548258315643
3.5179265083535505,-1.0371465523641668
-5.050530419541555,-4.941948513228707
-4.217998999708481,7.98744328325634
-6.173527861394081,-0.577363048449433
1.159809422297652,6.082350677472817
6.489882477888813,0.590613397327262
8.398141475321736,6.452933995621748
1.8720354133586348,-1.3590278067834625
7.761856809845071,4.465553019052111
-4.486706577970518,9.756308900740372
-9.351412113701137,-3.116246230519275
3.456749019246619,3.669503717089256
-1.8756643219892677,0.7580674024401581
-1.361994976814266,-3.0960594644739636
1.7258410443263994,3.490601412215341
3.959968120837569,-6.034201739128817
4.829484534970142,-4.299672679264086
-6.729200169849823,-4.912952757317703
6.801381602199736,-0.9184822677461657
2.316127309694087,-4.268999558377331
-7.056723874869495,5.87656627982755
2.2874324795724643,-6.333335523127466
-0.48726246688165276,-6.963589434563144
-7.089750549834766,-2.806097232311502
-8.90244515833064,-7.339770943246693
-5.92519662753225,5.476511819664328
9.80881313968769,-3.5572753777923305
-5.816681932070815,-7.434299172039545
-2.3432733216105017,-5.864297343081728
-4.478966263275215,8.76546290952232
-1.618811995021293,0.6501866083298111
-3.5325912492091227,-6.003719511516943
3.9975370796244327,-7.808731509251281
7.9560462194830315,8.060414070616378
8.764912136197008,9.845644303141874
-8.796215929864024,-2.9790732106890117
-4.968581845368738,5.713748156057111
2.4739840515672498,-6.6504609412827165
-4.4099899470504145,7.1797028456905245
3.281538816106524,3.255560924894599
-9.000705220807369,3.8732492064441146
7.005291938619017,-0.8739679534607969
-6.5879517456725,-4.355316532369691
5.169125466551122,-9.75249463943026
-7.387322835732637,3.0827027747039004
8.655704956836857,-9.253185811143855
-7.7397016414341735,-1.4132419675407348
-1.7371394118198502,2.4900640967718246
-8.746372883665924,3.9110552730155934
-1.4705232056732065,5.013718234770593
8.283410065891292,-0.8754359786226971
-5.019274193541783,5.508630142765423
2.7699047698401422,-2.84131094597738
6.102609877535059,-4.1225254711302295
0.309622868081739,-6.91096846350451
1.8063594717877063,-3.8073617085622447
4.720279993774774,4.421211459752609
-6.384757021767755,-2.447239446371099
0.4732362243656585,4.580415456538169
4.042773205147396,-1.370420620628563
-5.980240029920596,9.676981234317932
-8.307995447222623,7.899909241581639
-3.0223474293205665,1.2186806698471884
-1.0779617437948055,-5.694309988716313
-7.854011113195227,-1.646738773304918
9.061600733491531,-6.358039701768918
-3.9441878417301623,-7.6532247533213305
8.561287035568949,3.7935815549602125
5.361919222098116,-7.6901907019479365
6.014334558370358,-1.296802162737114
-8.759945403943306,-9.717775051752216
-2.8203946117993217,-0.21172428144322097
6.831114331597242,-5.402597686210129
4.745806826124062,-6.2966072614746205
-3.5171441589226538,1.2174659868531847
7.440689719760254,4.4862549717033176
9.41668167451537,-2.7516000140454455
-9.200211514584208,3.7004233266269537
-0.04445865095134138,0.5848030161740461
8.30409218386162,-7.156255900737656
5.575055616424347,0.15407778292529173
-7.675692922844322,3.2745564714872586
5.229231810601597,7.366012394984573
7.789666060470935,6.010805183749703
-0.6802200359877517,3.503423604243201
3.595820033268083,-1.403186234063213
-6.037940101468755,2.177520884647466
-1.6644527340257333,-5.584708400011866
8.909687109162569,8.186683200708352
8.424132616486595,7.943128568103685
-1.6607572303719653,8.272844191181235
-1.0583676563923117,7.739870666415772
-0.6496228898220693,9.241901662138513
4.4206850671410045,5.587223246146294
3.157140646283496,5.450940367866522
-8.627451709816976,7.99205780506815
-1.2219978951776422,-2.373098441791339
-8.484453086907632,-1.9807028750405653
-7.012565700040461,-0.27264202145601857
7.710183285210089,-9.681962303242958
7.492298076046499,-6.061825598351107
-7.832814190504864,-8.223225134377365
-1.9191314389830616,3.078663783803428
3.182470756677308,-6.496050358666183
5.067605016034404,-1.3162009284536058
-5.8840010533399445,-4.416864072272086
-0.9252215982095979,-3.9705865179113875
8.722486298834031,0.6427917331910358
-6.556570215629631,-6.826167565248364
-9.68513414711261,2.134562080988612
-3.5995821028477692,-4.645293330456237
-7.902963109111507,-5.148793024356557
3.6159607835083953,9.928082878558087
8.926977581468549,2.596766114598248
-0.5111310081547771,-7.00282832534985
7.073083279273305,-6.138682684431642
9.736148525661331,-3.142271740392353
-5.121673669385958,0.03504801432400484
6.2897765691805105,8.295729095678364
8.263544076429987,7.296711477669984
-5.307889101188148,2.8970385619886265
6.13378424947118,-2.0836345441896365
1.2816703637319335,-4.696173888431874
5.845557959015997,6.479211963969092
5.311520989323357,-7.475967278487499
2.347254685670407,4.330784823964709
8.306737662960693,5.465161635879339
7.743987704278904,1.0337903925618797
-7.40761692355655,-4.45719018416741
-0.7911556550981338,7.810529977948324
-3.3951849377602406,-2.3882496077474347
5.7408973692173415,7.0227633836941585
0.8370699776853598,-2.759120502566108
6.793076088395544,-2.5352975612518325
-1.0153530096460273,-7.944693301054722
7.286196840896061,-6.40126603564084
9.631985626219056,-0.9999429766815346
5.986872744787149,9.682826901957156
-7.780939025257019,3.333718747600237
8.591844021059721,-8.738901207757266
1.2323002295636254,4.084088443413517
-1.292900610910177,-3.0864133538497596
1.1583911630613208,9.478523088667565
-5.662029159107944,9.145634916744445
-1.1922268428580995,4.752647650242956
-9.465602140882554,3.374337045851279
-3.0755260260695083,-9.773509910511326
3.8068049947348683,3.3227416489565584
-0.3983166829030349,-1.6190285195987464
-9.277255089520718,6.481760991064288
-6.345041687967372,-0.9147624734661584
-7.787809132935215,-7.129551287615548
-9.624924775642597,-4.522490130114485
-1.7873064408732944,-7.82579358725128
-2.623260557812319,3.934993850585716
-8.65580915420281,4.252778855920489
-2.8249668613440004,8.808354274582527
-2.1557904347136203,-9.24631238349152
-2.9605390995322,-1.3064870403622475
-5.712326883871794,3.9784693002819083
-1.1314845071586443,-8.789350540738816
-6.862619136617387,-5.491148120091318
5.3175238977081385,-0.7872718055971042
9.11979142203893,-4.924252528996389
3.277923344188803,4.156774503143135
9.955255374709736,2.6449544022976603
-2.9894567123396776,0.8741732391927606
9.181786492863825,4.759221608902035
-4.686458856809161,2.2394686047259036
0.03588037779737263,-2.4768852083424786
3.8990759991427826,4.944890438508786
6.918191365330877,9.006933096569142
-7.209235266308021,7.818683826351073
3.8839161261505772,-2.9342568382527245
2.098746569399008,8.66915828932731
-4.951604490880239,2.5268685863026263
4.226381351861349,8.791348095731607
-5.805066903558056,8.859270444557396
0.14125666636910594,-3.1076644646608376
-8.22502911467868,2.2048089648145996
1.5663636939664585,-5.874431212924547
-0.4038861424317286,9.02222923967718
2.972781022280838,-9.306174465919668
-0.21914206437751105,4.51966051000516
-8.573693808322925,-6.75010387346632
-5.666673453470841,-5.345951071606523
-1.8212329099912594,1.5697898286433976
-7.417744993786477,-5.042159294607442
2.600411506891529,6.694987031666074
-0.16451580556929102,4.135525898290453
-5.918781489838465,-1.8429643398342108
-7.4445964366778705,-5.04232159924304
5.000538137323787,-5.079884031051307
-2.6947354624265563,-8.693406450063502
3.7302309463581285,-3.1771678745977683
8.953700272853556,1.836999133672439
1.4237266857617712,-7.633122806161996
3.838501315778995,4.052273152008702
1.8425199540818404,9.40607156380159
-1.1586007318970637,-2.226632565545894
-6.300082125923012,-9.780585637435756
3.700581583752264,7.568105015492222
-4.645395852587226,-1.510827360558423
1.2635879664203244,-4.605966661854386
8.616837836551365,6.5758791862039665
2.2842016698311873,1.0199907193719948
6.1376773141669005,0.09121462033123251
-9.769342985919005,5.054516737394303
-8.194192910130681,2.8122188042729093
-6.2470645431005645,-7.698449030038268
-4.778345945285878,8.83345914171376
3.8916204440160875,3.0326377830243025
-0.08507142659910372,-7.562509076453825
-3.0091756869797415,-7.162965595299395
-3.4931943125867138,-9.623016457883535
4.383375581544877,0.275746147776065
6.72376093049666,3.5977518558313815
-9.254812858236786,-5.713082209594003
-0.3947220586182443,1.7876495139781987
4.464705945364585,-8.422179190978891
4.814962862405032,5.875152317644767
-3.046027405598477,1.418233488314451
-9.361007563406535,-5.426419624592853
-8.25723115957036,9.717970881870698
-0.6667392757352797,9.781550329504164
1.6931788182541752,-2.86763740972805
-8.712094774501299,-6.196511533677933
-2.2901887416766087,1.5419007108193874
-0.1579111923289478,2.0641134362580758
2.4982075476834886,6.315887549329066
-0.7161152640273905,-9.230705111780825
-9.03266357838422,8.103436222512457
-3.4851754171593585,-8.922138329532658
2.935730443170801,-1.3394080792161578
2.242393372195206,3.7462071758765347
-0.5899406951595676,-2.2713232442534137
-1.4551834517304876,-0.5422399464072658
5.279377333893503,9.647297939517617
-7.184884680017336,4.611540915023076
1.41319373056238,8.43263470220915
6.117644950407431,-5.448085435476151
8.671618727618867,1.7266921771741028
-0.582669847832392,5.065770406122688
-0.7859448049586746,1.882908207511269
5.328073326986962,-4.855316736772535
-4.77389171564401,-8.196303199253233
3.495767880396162,-8.402618752403011
-8.580536818473332,-1.5136608659641873
-8.522616536546428,-4.27438363616115
-9.058600393850377,9.015373307894873
0.9102897421809786,-5.976426985536545
6.475400858439755,-3.504168047514926
1.7319790853968087,-3.0070037829942153
-6.975006101681993,3.3054815653892398
-7.030063426919133,3.404888659123827
5.433638191640799,1.880190708843168
-1.3729027253493733,-5.461616011512835
5.147422282199937,8.412544079014847
-7.929280900247946,2.147473229314535
5.974450469872053,-7.240189828075687
2.396664598497221,-5.836055928171575
2.2685699948559,-0.395420055500173
3.701634478400564,8.206256366528159
2.6917851272153737,-6.450918475949359
3.4931814028477817,4.085973415792715
8.01837514478521,-3.118023637636611
3.1765683170341585,-3.4150902988163834
-9.216728680426183,-6.1952155004619325
0.8420450264586332,-4.139521195662299
3.823755224479548,-5.6571599164237885
-2.0437358274461515,-6.724744946001833
5.662887616203651,-2.947613474241111
9.983279013264795,-3.8651633575585143
7.200762276053226,-5.691423648971878
6.630528793127098,6.669979178038897
-1.7134417767409094,7.004182557475911
-5.58031097537365,-3.728419071309297
-7.100895295802436,2.8245695615292057
-4.5760284466978085,6.1245579140417945
-3.120319381764811,4.091251892569222
-7.766728473151603,-7.866198990885103
2.6503381890338282,-4.615973827606865
9.534688178233672,-1.4188602360424376
0.24371177751843476,7.484775641712133
3.240217887383242,3.1567982375292836
-4.240062828912388,6.34537289392874
-8.983780912811618,1.8540341930681556
-4.21667074447313,2.4387810973217725
1.4318379441087217,-0.35676144652530795
-5.2508348715316355,6.767606555537174
-2.272340262759709,-3.9000983433492564
8.879484179403892,0.07274621644945967
-7.772453097315233,-7.00106141058241
-1.3628841016792759,2.048568942940161
7.302916686744652,5.906567817729588
-1.8396370439139496,8.438269918959456
-2.7415424278898826,6.181662800458682
-4.987949620989114,2.0714848463055127
-3.7115732761437714,6.74753948780209
-5.3201548463150194,9.597949708845608
3.113405018326505,-9.885036362882724
-9.334290595167927,5.182817700808187
-5.2797004335433195,4.877761442946756
3.848721671276291,0.06480222653589252
5.09092376888459,-9.096518538999629
0.0426470957982481,3.0542555147808503
5.246057028413773,5.706930169392832
4.271343646788285,4.35759563479953
-7.563194428254452,7.0754451018989
7.566124435444657,-0.9988690714193549
-7.334130750394747,4.55763044335419
-8.329729413773034,-9.711078601742242
2.412664199638943,4.2207418225587325
8.076308687337356,-6.0593875680821085
1.2035752758404996,-4.957696173917672
-5.272220388567117,-7.34359483246636
-5.8018124441905305,6.263926741386918
8.169385057562764,-3.2035740607535512
-3.3742007830179555,-8.1368208296673
8.88719452142761,1.8530629193498669
2.6272768787213607,7.327746838528139
0.7110698510539883,2.953586431660696
-2.9256063218757022,7.972353420614596
5.82046456543042,-8.104604486495294
-8.70725219516958,-9.27153596232737
-1.947978684496384,0.5310693665016331
5.702077731133102,5.909340176779452
-0.36454933227136443,-3.700856341459331
-1.906615889488954,-8.05122803483355
-3.4010435239913317,9.725801999324531
1.9167808649504092,-0.5108197804221639
8.913263711405722,6.888452015147347
-8.458316699536184,-9.282912141231305
-0.3653960286578961,0.3678218002259612
-2.594016256729823,-2.5584459370204193
9.886347187962947,1.231134529889136
-6.44187664453816,7.716099084814122
-3.704612673187464,-0.9910368099012032
-4.208758252108145,-8.123038154941348
4.036275904290928,4.629938237379845
-6.978758853218334,-1.843926445504188
-8.62544796898828,5.751843342012304
2.1149827131042223,-9.5954265234952
-5.933787521761258,-5.681015970253869
3.0615150627111465,5.095851822542405
7.463671037608755,6.086524983220329
-6.1966914817311824,-3.1859773613481934
-6.312549700955046,6.890621270204811
-7.263385383694669,5.445561639874148
